134,52
134,51
134,50
134,49
134,48
134,47
134,46
134,45
134,44
134,43
134,42
134,41
134,40
134,39
134,38
134,37
134,36
134,35
3,2
3,1
3,3
10,116
10,268
10,230
10,252
10,64
10,94
10,3
8,4
8,16
8,18
8,5
8,10
8,15
8,2
8,3
120,3
120,2
120,1
120,0
119,3
119,2
119,1
119,0
118,3
118,2
118,1
118,0
117,3
117,2
117,1
117,0
116,3
116,2
116,1
116,0
115,3
115,2
115,1
115,0
12,3
12,2
12,1
11,29
11,28
11,27
11,26
11,25
11,24
11,23
11,22
11,21
11,19
11,18
11,16
11,15
11,14
11,13
11,12
11,10
11,9
11,8
11,7
11,6
11,5
11,4
11,3
20,2
11,2
20,1
11,1
10,308
10,304
10,303
20,3
10,298
10,296
10,295
10,286
19,2
19,1
10,276
10,272
19,3
10,266
10,264
10,256
10,242
10,239
10,218
10,216
10,212
10,210
